I8=8
I16=16
I32=32
I64=64

Ui8=8
Ui16=16
Ui32=32
Ui64=64

F32=32
F64=64

OffsetDT1=1979-05-27T07:32:00Z
OffsetDT2=1979-05-27T00:32:00-07:00
OffsetDT3=1979-05-27T00:32:00.999999-07:00
OffsetDT4=1979-05-27 07:32:00Z

LocalDT1 = 1979-05-27T07:32:00
LocalDT2 = 1979-05-27T00:32:00.999999

LocalDate = 1979-05-27
LocalTime1 = 07:32:00
LocalTime2 = 00:32:00.999999
